,Tiempo,Andalucía,Aragón,"Asturias, Principado de","Balears, Illes",Canarias,Cantabria,Castilla y León,Castilla - La Mancha,Cataluña,Comunitat Valenciana,Extremadura,Galicia,"Madrid, Comunidad de","Murcia, Región de","Navarra, Comunidad Foral de",País Vasco,"Rioja, La",Ceuta,Melilla,TOTAL NACIONAL
0,1995,81.2,84.6,89.1,80.2,80.9,83.9,89.0,83.9,82.6,79.7,83.1,88.4,77.2,77.8,79.2,81.8,82.3,82.9,84.8,81.8
1,1996,83.1,87.1,89.4,82.8,82.6,84.6,90.2,87.0,85.1,81.3,85.0,89.5,79.6,80.4,81.8,82.7,84.7,83.0,84.6,83.8
2,1997,87.1,90.4,90.9,87.8,85.6,87.0,91.3,89.7,87.8,85.6,87.7,91.7,83.2,85.3,85.6,86.2,87.8,85.7,87.1,87.0
3,1998,90.3,92.3,94.4,90.6,90.2,91.0,93.1,93.2,91.0,90.4,90.6,93.8,89.1,90.2,89.7,91.0,90.9,89.3,90.6,90.9
4,1999,94.1,95.0,95.1,95.8,96.4,95.1,96.6,95.1,95.8,94.7,95.3,97.3,94.4,94.3,93.8,95.9,94.1,93.7,94.5,95.2
5,2000,100.0,100.0,100.0,100.0,100.0,100.0,100.0,100.0,100.0,100.0,100.0,100.0,100.0,100.0,100.0,100.0,100.0,100.0,100.0,100.0
6,2001,103.5,102.8,103.5,102.6,104.9,104.8,102.5,103.2,103.7,104.6,103.0,102.8,104.0,104.4,102.6,103.3,102.2,102.9,102.7,103.6
7,2002,107.1,106.6,105.7,103.6,107.9,108.4,106.0,106.9,106.2,107.5,106.9,105.2,106.5,108.4,105.6,105.3,104.3,105.7,104.8,106.5
8,2003,111.5,110.0,108.3,105.1,112.0,110.7,109.3,110.6,109.3,110.2,110.8,108.0,109.7,112.8,108.8,107.9,108.2,110.9,109.5,109.7
9,2004,115.5,113.2,110.7,107.7,114.7,113.9,112.7,114.1,112.9,113.7,114.6,111.7,113.7,116.3,112.7,111.2,111.8,114.2,113.3,113.3
10,2005,119.7,117.1,114.2,111.5,118.3,118.2,116.4,117.9,116.6,117.7,118.9,115.5,118.6,121.3,116.3,115.5,115.7,117.4,118.0,117.4
11,2006,124.6,121.9,119.1,115.0,121.9,122.8,120.9,123.1,121.1,122.4,123.8,120.4,123.7,126.4,121.1,120.1,120.5,120.6,122.6,122.1
12,2007 (P),129.1,127.4,123.2,118.9,125.9,127.2,125.6,128.8,125.1,126.3,129.3,125.2,127.9,131.7,125.6,124.4,125.3,124.9,126.2,126.5
13,2008 (P),129.9,128.4,124.5,120.4,126.2,128.6,126.7,130.8,125.3,127.3,131.6,127.3,129.2,133.7,127.9,126.1,127.1,128.4,129.3,127.6
14,2009 (A),125.1,122.6,119.5,115.8,120.9,124.1,122.5,126.5,120.0,121.7,128.7,123.4,124.8,129.1,124.7,121.5,122.7,126.2,127.7,122.9
15,2010 (1ª E),124.0,122.0,119.8,115.4,119.9,124.3,123.5,125.3,120.1,121.0,128.7,123.4,124.8,128.4,126.3,122.4,122.3,126.2,127.5,122.7
