,Tiempo,ANDALUCIA,ARAGON,ASTURIAS (Ppdo. de),BALEARS (Illes),CANARIAS,CANTABRIA,CASTILLA Y LEON,CASTILLA-LA MANCHA,CATALU?,COMUNIDAD VALENCIANA,EXTREMADURA,GALICIA,MADRID (Com. de),MURCIA  (Regi? de),NAVARRA (C. Foral de),PAIS VASCO,RIOJA (La),CEUTA Y MELILLA,CEUTA,MELILLA,EXTRA-REGIO,ESPA?
0,1995,58703745.0,14302189.0,10583097.0,10062087.0,16626276.0,5465372.0,26714076.0,15435841.0,82752572.0,41374468.0,7530804.0,24565897.0,73522117.0,10029536.0,7454734.0,27646756.0,3343425.0,1225973.0,..,..,448035.0,437787000.0
1,1996,60351336.0,14719360.0,10750878.0,10375061.0,17061390.0,5552735.0,27193934.0,16060342.0,84907595.0,42203874.0,7794687.0,25097176.0,75216914.0,10354440.0,7668480.0,27999186.0,3446311.0,1254824.0,..,..,448477.0,448457000.0
2,1997,63479459.0,15256038.0,11010654.0,10989750.0,17747617.0,5750818.0,27663851.0,16616792.0,87379101.0,44486744.0,8124286.0,25914976.0,78481292.0,10983340.0,8003754.0,29272615.0,3576109.0,1325992.0,..,..,449812.0,466513000.0
3,1998,65912323.0,15557159.0,11463906.0,11290509.0,18726696.0,6042038.0,28376054.0,17352854.0,90176348.0,46904356.0,8449704.0,26712012.0,83394875.0,11587324.0,8340774.0,30950897.0,3685406.0,1406432.0,..,..,455333.0,486785000.0
4,1999,68653512.0,15919242.0,11516281.0,11833344.0,19934933.0,6311934.0,29441934.0,17763836.0,94059278.0,48951729.0,8908712.0,27881013.0,87140728.0,12070569.0,8650264.0,32555824.0,3801040.0,1477985.0,..,..,473842.0,507346000.0
5,2000,72722170.0,16650777.0,11966898.0,12155199.0,20481330.0,6623637.0,30539269.0,18528519.0,97339855.0,51514198.0,9399751.0,28706557.0,91156736.0,12746656.0,9133974.0,33958711.0,4013355.0,1541554.0,..,..,511854.0,529691000.0
6,2001(Provisional),74943775.0,16908555.0,12172052.0,12358863.0,21176722.0,6861500.0,31108213.0,19021128.0,99832808.0,53044047.0,9562137.0,29274290.0,94676701.0,13113326.0,9356870.0,34907636.0,4065839.0,1578942.0,827208.0,751734.0,532596.0,544496000.0
7,2002(Provisional),77138176.0,17399360.0,12369389.0,12481456.0,21722510.0,7025396.0,31762750.0,19609834.0,101584694.0,54330400.0,9885101.0,29941125.0,96416151.0,13545074.0,9621980.0,35486461.0,4135824.0,1624197.0,852161.0,772036.0,571122.0,556651000.0
8,2003(Avance),79443742.0,17832074.0,12590521.0,12608787.0,22356817.0,7152485.0,32527395.0,19974718.0,103968177.0,55424967.0,10140621.0,30631650.0,99140977.0,13972026.0,9906637.0,36375484.0,4269123.0,1668514.0,878224.0,790290.0,571285.0,570556000.0
9,2004(Primera Estimacion),81795188.0,18300861.0,12847623.0,12824383.0,22990221.0,7362267.0,33392813.0,20402192.0,106527599.0,56732298.0,10425487.0,31552196.0,101970964.0,14377323.0,10241099.0,37458182.0,4393252.0,1705943.0,898713.0,807230.0,577109.0,585877000.0
